10103
10183
10137
10140
10185
10180
10262
10251
10245
10312
10313
10118
10313
10344
10175
10345
10361
10099
10419
10396
10096
10445
10439
10420
10457
10459
10424
10463
10461
10423
10625
10512
10527
10527
10433
10530
10462
10418
10344
10627
10512
10718
10769
10698
10769
10297
10781
10823
10797
10882
10656
10718
10902
10614
10957
10957
10947
10626
10932
10998
10969
10880
11068
10911
10971
10643
11229
11227
11130
11305
11332
11332
10897
11321
11305
11972
11373
11304
10165
11447
11488
10903
10945
11512
11527
11542
11541
11446
11573
11616
11577
11576
11544
11641
11560
11642
11640
11616
11660
11656
11164
11664
11502
11636
11656
11660
11641
11725
11674
11620
11659
11655
11699
11675
11743
11657
11618
11726
11747
11698
11744
11751
11727
11700
11765
11764
11742
11767
11773
11678
11769
11516
11783
11653
11782
11635
11677
11762
11593
11787
10964
11835
11874
11761
11682
11741
11835
11745
11873
11858
11781
11637
11393
11859
11913
11875
11729
11912
11056
11899
11921
11922
11848
11062
11955
11878
10957
11864
11939
11980
11922
11855
11875
11878
11933
11975
12006
12006
12021
11934
12044
12021
12029
12051
12003
12029
10329
12031
11472
12091
12092
12007
12034
11745
12050
12030
12134
12006
12033
11798
12141
12149
12095
11764
12139
10498
12116
12135
10459
12168
12117
10935
12152
12187
12111
12110
12185
12198
10243
12186
12195
12187
11956
12210
12207
12219
12220
11221
12228
12211
12217
12216
12127
12222
12228
12200
12230
12204
12128
12211
12221
12258
12097
12217
12258
12257
12236
12248
12268
12286
12294
12241
12304
12317
12265
12285
12320
12304
12355
12303
12354
12338
12321
12303
12285
12357
12272
12373
12372
12370
12373
12372
12393
12303
12406
11017
12443
12425
12426
12433
12445
12457
12444
12460
12396
12476
12477
12462
12391
12667
12498
12461
12477
12459
12419
12459
12567
12462
12336
12445
12663
12816
12642
12735
12642
12833
12340
12838
12695
12858
12875
11714
12372
12914
11714
12506
12942
12973
12990
12409
12859
12815
12858
13027
10476
12988
12707
12970
13068
12459
12954
11499
13115
13125
13026
13124
13124
13125
12474
12835
12405
13148
12169
13163
13027
12956
13208
12406
13210
12849
11979
12847
13009
13007
13250
13251
12225
13262
13008
13251
12700
13263
13183
13309
12867
13250
13006
13377
13049
13403
12241
13009
10251
13378
13422
13446
13421
13404
13465
13278
13399
13467
13444
13494
13448
13495
13494
13543
13525
13494
13547
13549
13101
13463
13577
13448
13546
13549
13584
13444
13526
13584
13602
13606
13582
13582
13624
13164
13624
13607
13640
13652
13655
13627
13125
13689
12450
13296
13519
13283
13677
13625
13604
13627
13714
13713
13680
13746
13696
13693
13280
13146
13498
13447
13293
13681
12956
13683
13829
13294
13855
13162
13741
13855
13261
13714
13883
13873
13912
13911
13882
13934
13520
13935
13682
13938
13934
13940
13964
13817
14053
13934
14053
13262
13264
13192
14096
14098
14070
13716
13674
14074
13939
14075
13911
13466
14075
13049
13657
14148
14148
14124
13936
14080
14106
13935
13938
14170
13656
14118
14195
14170
13162
13544
14197
12831
14195
14196
13626
14121
14213
14214
13856
14238
14240
13717
14240
14237
13735
14212
13466
14240
14209
14096
14262
14269
14310
14279
14243
14125
14269
14267
14268
14062
14285
13697
13291
14293
14275
14246
11068
14280
14306
13525
14210
14365
14310
14368
14213
14289
13401
14367
14389
14389
14312
14410
14292
14293
14415
13681
13372
13265
13942
13694
14243
14448
14451
14451
13653
12438
14482
14054
14122
14417
14120
14502
14317
14521
14527
14440
14514
12958
14530
14548
14440
14567
13653
14548
14549
14502
14572
14584
14590
14459
14547
14574
14594
14574
14608
14569
14599
14599
14597
14571
13251
14615
14572
14607
14596
14388
14621
14636
14648
14351
14655
14652
14675
14676
14672
14675
14679
14677
14461
14654
14625
14702
14701
14670
13910
14650
14722
14721
14726
14740
14764
14763
14757
14760
14740
14767
14461
14756
14754
14768
14763
14765
14781
14800
14785
14516
14783
14386
14799
14799
14458
14833
14783
14569
14849
14850
14852
14862
14851
14727
14874
14725
14768
14872
14861
14679
14876
14895
14839
14858
14818
13209
14928
14861
14961
14755
14891
14978
14836
14859
12425
14811
14770
14861
15060
14874
14686
15060
14552
15034
14961
15120
13520
14992
15138
15077
15126
15179
14416
15154
15118
15165
13240
14925
15155
15169
15243
14278
15241
15269
14419
15243
11313
12138
15302
15283
15321
15303
15281
11618
15283
15196
15339
15304
15338
15340
15341
15351
15353
15354
15352
15340
15195
15373
15230
19159
15229
15384
15388
15409
15400
15323
15337
11635
15322
15351
15338
14697
15432
15289
15382
15350
15337
15432
15350
15178
15266
15385
15153
15282
11981
15304
15417
15249
15256
15228
15480
15469
15480
14877
15448
15255
14696
14651
15481
15483
15483
15482
11877
15497
15442
15498
15500
13209
15517
15517
15526
15547
15563
15136
15549
15575
15563
15576
15549
15576
15578
15385
15348
15566
15578
15592
15579
15254
15608
15615
15616
15618
15633
15633
15646
15631
15663
15664
15665
15389
15551
15692
15696
15725
15726
15726
15726
15713
15294
15594
15774
15595
15576
15772
15633
15794
15632
15810
15825
15632
15555
15430
15849
15871
14620
15594
15577
15893
15725
15903
15649
15663
15894
16017
16019
15772
15741
16080
14635
15768
16150
16138
16138
16119
16151
16189
16166
16117
15400
16182
16042
16218
16228
16191
16234
16236
15645
15826
16202
16216
16271
16169
16283
16284
16283
16284
16234
16118
15759
16064
13783
16100
16330
16327
15907
11716
16374
16331
16363
16217
16377
16407
16391
16118
16459
16443
16443
16459
16460
16456
16122
16122
16119
16458
16301
16527
16427
16444
16390
15691
16565
16475
16589
16616
16602
16476
16631
16673
15340
14961
16391
16675
16442
16691
16456
16630
16693
16738
16705
16407
16754
16754
16721
16777
16777
16739
16673
16301
16781
16798
16672
16095
16644
16800
16817
16768
16832
16831
16460
16830
16802
16837
16831
16726
16694
16813
16831
16830
16142
16838
16562
16814
16863
16804
16817
16880
16838
16891
16902
16905
16905
16738
16939
16903
16952
16813
17209
12505
16567
11958
17261
15631
16157
17209
17322
17322
17227
17338
17360
13250
17153
17358
17528
17281
17262
17260
17445
17303
17577
17579
14994
17540
17614
16601
14797
17497
17558
17247
17338
17264
17633
16967
16967
17578
17576
17656
17668
17383
16952
17678
17687
17679
17579
14032
17667
17578
17243
17727
12387
17667
17679
17747
17710
17645
17360
17614
17772
17197
17680
17667
17816
17799
15244
17729
17769
17840
17610
17770
17769
16883
15015
17749
17871
17834
17846
17848
17769
17963
17786
17645
17748
17988
15951
17968
17926
17968
17769
17993
17993
17942
17943
17487
17962
17819
17420
18011
17847
18019
18040
18040
18040
17967
18011
18060
18061
18018
18063
18043
18068
18083
17848
17962
18113
18115
17973
18110
18112
18065
14862
18085
18008
17988
18084
18167
17655
18043
18086
17696
18135
17743
17967
18188
18157
18170
18188
18087
18081
18087
17616
18228
18111
18013
18248
17989
18267
18207
18266
18136
18206
18267
18275
17580
18287
18283
18265
18229
18251
18293
18309
18190
18330
18175
18036
17851
18333
18267
18206
18334
18232
18354
18070
18250
17629
17966
18288
17361
18314
18200
17868
18354
18267
18370
14437
18355
18267
18391
18061
18390
18389
18174
18391
17939
17322
18371
17966
18356
18205
18040
18268
18371
18391
17974
18321
18373
18370
18437
18358
18481
16518
18355
17611
16190
18012
18590
18456
18544
18268
17991
18389
18528
18590
18476
16101
18593
17643
18479
17709
18650
18674
18665
18312
18692
16883
18696
18678
18717
17209
18744
18748
18746
18747
18686
18772
18720
19358
18803
18776
18802
18205
18802
18805
17658
16708
14840
18854
18823
18850
18853
18805
18136
18857
18859
18822
18777
18763
18821
18861
18680
18880
18853
13068
18822
18884
18857
18860
18907
18266
18908
18936
18935
18850
18882
18883
18082
18820
18937
18935
15631
18910
18957
18958
18694
18959
18959
18953
18833
18959
18959
18981
18962
18939
18980
18975
18962
13264
18980
18910
18981
18651
19012
19011
19009
13203
17610
19042
18456
19014
19044
19014
19027
19056
19020
18828
19072
19072
18861
18983
19076
19042
19073
18388
19041
19095
19073
18958
19106
19098
19100
19026
19115
18227
19115
19119
19141
19100
19144
19143
19116
19164
18970
18744
19163
19180
19162
19108
19166
19210
19132
19208
19168
19234
19194
19235
19217
19093
19256
19278
19180
19279
19091
19259
19142
19279
19033
19210
19114
19322
19308
19241
19057
19238
19233
19307
19269
19279
19295
19207
18170
19279
19095
19323
19346
19326
19364
19346
19367
19279
19328
19382
19388
19387
19385
19093
19389
19326
19367
18960
19098
19365
19478
19189
16956
19437
19005
19236
19416
19234
19533
19416
19363
19364
19234
19199
19548
19561
19563
19562
19521
19484
19101
18938
18436
19587
19192
19562
19562
19595
19211
19508
19243
19618
19367
19610
19578
19164
19596
19627
17299
19641
19258
19689
19689
19689
19676
19512
19706
19722
19168
19722
18802
18332
19758
19674
19726
19758
19280
19472
19774
19094
19726
19776
19745
19805
18974
19597
19823
19282
11228
19843
19346
19823
19850
19817
19469
19140
19860
19807
19862
19805
19848
19758
19877
19328
19805
14710
12100
19899
19162
19903
19890
19724
19922
14411
19859
19936
19848
19950
19902
14457
19891
19900
19968
19847
19902
19935
19870
19970
19971
19979
19971
19936
19953
19803
19674
19986
19899
19999
19975
20014
19998
20030
20030
20029
20028
19120
20047
19775
20047
19561
20048
20051
20014
20028
20050
20048
19721
20063
20075
19188
20063
19213
20088
20052
19329
20088
20081
20047
20088
20097
20091
20101
20101
20064
20103
20101
13108
20103
20013
20077
19827
20102
19642
19948
20135
20031
17566
19964
20150
20139
19745
20152
20150
20091
20149
19883
20167
20167
20139
18983
20172
20167
20123
20184
20123
20203
20136
20203
20211
20223
20199
20136
20225
20276
20277
20258
20239
20288
20289
19593
20294
20319
20302
20301
20320
20288
20274
20304
20340
20366
20368
20394
20409
20422
20422
20423
20439
20306
20369
20390
20393
20567
20562
20401
20450
20442
20578
20559
20443
20355
20555
20464
20302
20202
20239
20421
20423
20628
20539
20610
19210
19835
20628
20686
20686
20671
20703
20712
20725
20711
20137
19228
20152
20726
20660
20756
20788
20685
20714
20725
20816
20711
20805
20819
20388
16980
20773
20303
20773
20469
20872
20885
20884
20819
20884
20212
20910
20844
20930
20756
20851
19464
20930
20945
20912
20593
20104
20945
17678
20871
21004
20593
20946
21005
20851
20886
20169
20991
20789
20609
20975
20945
19325
21049
20915
20820
21035
20540
20033
21060
20961
19643
21062
20713
21050
21049
20912
20424
21089
21089
21100
20930
21102
21118
21101
21138
21063
21170
20782
21072
16881
21171
13698
20609
20959
21210
21211
21210
21211
20541
20887
20837
21151
20841
21237
21024
20841
21270
21237
21245
21051
21229
21183
21271
17303
21271
21312
21183
19822
21177
21199
21341
21089
21197
21298
21224
21382
21382
21071
21154
21368
21383
21366
21341
21382
21212
21380
21340
21184
21395
21237
21395
21396
21391
21381
21391
21397
21400
21394
21394
21384
21397
21406
21407
21398
21382
21418
21407
21419
21419
21428
21420
21421
21108
21457
21419
21445
21393
21381
19342
21517
21429
21516
21195
21379
21529
21417
21530
21543
10099
21383
21547
21562
21226
21532
19694
21048
21561
21575
19853
21593
20959
21621
21574
21608
21420
21608
21249
21573
21593
21574
21534
21637
21638
21638
21655
21640
21548
20196
18732
21530
21673
21673
21703
21703
21659
21704
21704
21654
21705
21696
21672
21639
21153
21654
21721
21721
21661
19389
21738
21684
21737
21354
21408
21704
21740
21740
21753
21754
21756
21420
21763
21763
21638
21757
21755
21671
21760
21938
21928
21741
21758
20834
20884
21544
21754
21737
21796
21875
21954
21972
21990
20485
21905
21954
21929
22005
21974
21754
21878
21991
21740
21560
21955
22032
22052
20015
22051
22014
21913
20557
22071
21208
22080
22072
22033
22142
22123
21711
22129
22145
22015
22146
12184
22162
15863
21147
22033
22015
20577
22180
21959
22161
22200
22200
22178
22084
21759
22234
21032
22252
22251
14389
22254
22234
19366
22303
22265
22299
22071
22305
22312
22303
22316
22292
22332
22260
22251
22316
22346
17645
22329
22360
19725
22292
22330
22361
22361
22375
22347
22291
21648
21271
22378
21432
22254
22110
19900
22404
22256
22405
22428
19823
22378
20726
21667
22429
20029
22378
19874
22504
22486
22592
22593
22607
21390
22528
10001
22406
22476
21038
21298
22178
22536
22450
22303
22592
22625
22606
22551
22475
22503
22643
20979
22686
22406
22551
22686
22331
22706
22687
22685
22354
22308
10041
22607
22724
10025
22727
22727
22685
22682
22707
22707
22345
16054
22748
22663
10041
22664
22795
21756
22426
10031
10050
22813
22832
22832
22834
22503
22726
22860
15513
22860
22861
22454
22863
22861
22859
22830
22860
22881
22863
10055
22920
22923
23013
22990
22813
22956
22837
23009
22952
23010
23010
23015
14193
22752
22882
23010
22921
22880
22824
22955
23105
16761
22855
22920
23106
23083
22883
23108
23124
23084
22554
23148
22923
23149
23033
23171
23176
23172
23198
23170
22357
22795
23200
22728
23104
23172
23176
22955
23223
23172
23243
23223
23149
19437
20364
23289
23289
22085
23222
23140
19236
23290
21395
22943
23175
23263
23246
23263
23171
23081
23010
23264
22834
23361
23203
23271
20975
23405
23407
23412
23387
23340
23413
23314
23046
23317
23337
23444
23451
23431
23282
23481
23271
23479
23504
23389
23504
23507
23505
23507
23525
23527
23508
23554
23555
23551
23429
23576
23419
23390
23576
23527
23577
23595
23596
23574
23553
23597
23598
23575
23597
23599
23598
23580
23596
23388
23634
23633
23601
23640
23601
23553
23562
23503
23550
23656
23657
23674
23674
23681
23787
23575
23698
23594
22425
20135
23525
23740
23871
23871
23656
23873
23871
23440
23786
23505
23551
23902
23919
23111
23992
23992
23701
23643
24028
24043
24062
23872
24118
23975
23529
23576
24089
23959
24045
23482
24161
23807
23907
23619
24061
24161
24064
24177
24104
24081
24078
23490
23678
24190
24219
24193
24220
23452
23390
24231
24248
23701
24206
24203
23755
24213
24267
23455
24165
24148
24314
24324
24325
24336
24194
24370
23780
24370
24397
24376
24396
23656
24410
24399
24398
23633
23272
24398
24380
24339
24466
23570
24179
24248
21519
24491
24491
24508
24519
24326
24520
24384
24437
15864
24466
23939
24533
24507
24550
24551
24562
23719
24583
24581
24562
24581
24533
24583
24604
24604
23290
23926
24605
23976
24507
24680
24668
24617
24602
24546
24665
24549
23758
24653
24631
24694
24497
23273
23926
24758
24266
24681
23123
24619
24634
24738
24792
24591
24667
24681
24590
24972
24881
24812
24712
24696
24716
24741
23638
24852
24712
24945
25021
24991
24991
24967
24990
24682
25022
24549
25021
24957
25024
24521
25040
25089
25071
25040
24682
25090
25105
25212
25090
25072
25060
24881
25104
25105
25181
24832
24427
25005
25230
25229
25152
25254
25252
25252
25149
25149
25272
25231
25291
25313
25364
25316
25365
25385
25439
25255
25439
25155
25440
25231
25387
25252
24102
24882
25450
25498
25531
25089
24563
25557
23139
25558
23919
25388
25616
25498
25204
25497
25456
25623
24619
23834
25497
23107
25747
25747
25767
25664
25823
15052
25700
25685
25757
25702
25704
25685
25747
25801
25653
25840
25862
25839
18343
25877
25858
25838
25905
25863
25946
25630
25684
25962
25440
25965
25955
25923
25493
25804
23406
25912
25889
25954
25981
25982
25990
25990
25992
23601
26001
26049
26049
25994
30674
26035
26068
26081
25877
25583
26098
26115
21418
16492
25977
25969
26132
26144
26144
26145
26131
26132
26022
26144
26160
26176
26174
26130
26177
26174
26196
26196
25968
25961
26213
26180
26159
26196
23008
24761
26372
26211
18804
19997
26359
26274
26197
26179
25972
26445
26267
26331
25992
26462
25023
26465
26384
26068
26481
26507
26428
26497
26430
24927
26510
26374
26512
26526
26510
25530
26524
26543
25701
26526
26590
26607
26645
26644
26664
26665
26524
24650
26678
26678
26644
26664
26679
26427
26625
24681
26718
26730
26734
15024
26757
26596
26524
26759
12495
26776
26392
26780
26779
26782
26779
26802
26803
26827
25470
26847
26848
25955
26853
26870
26890
25857
26891
26891
26892
25961
26911
26914
26806
26806
26872
26826
26679
26715
26732
26716
26829
26874
26891
26930
26800
26847
26854
25456
26931
26890
24450
24432
26470
26697
26964
26913
26933
26964
26912
26976
26891
26964
26977
26828
26911
26992
27010
27007
27008
26914
26978
27020
27024
27023
27024
27023
26849
26712
27023
27023
27041
26991
27005
27007
27056
27057
27040
27071
27069
26721
27025
27068
27055
27072
27071
27110
27109
26992
27090
27069
27024
27108
27111
27153
27156
27140
27154
27155
27159
25271
27172
27155
27142
27158
27111
27178
27171
27174
27172
27154
27174
27154
27187
27159
27210
27054
26116
26524
27211
27211
27211
26780
26978
27140
18922
26801
27185
27244
27264
27064
27264
26753
27263
27263
27285
27263
27286
23742
27300
27261
23992
27316
27316
27317
27156
27302
27336
27228
27337
27186
27337
27422
27336
27421
27399
27352
27525
27338
27527
27511
27425
27494
27445
27290
27353
27300
27304
27198
27500
27284
20610
27541
27492
27558
25843
27559
27186
27399
27045
27110
27150
27558
27543
27571
26070
27559
27209
27527
27580
27577
27583
27579
27579
27186
27583
27600
27213
27581
27603
26892
27581
27596
27578
27623
27541
27477
27600
27540
27625
27640
15985
27623
27642
27560
27645
27664
27644
27626
27559
27625
27645
27624
27644
27621
27643
27621
27665
27664
22953
27302
25073
25963
19072
22424
27336
27682
27665
27680
27579
27353
27447
27493
27704
27679
27726
27727
27727
27731
27743
27021
27727
27742
27743
27668
27741
27779
23550
27854
27582
27640
26912
27562
27870
27871
27779
27870
27859
27859
27871
27872
27871
27859
27872
27889
27576
27889
27907
24690
27666
27708
27921
27860
27854
27906
27622
27919
27666
27223
27907
27906
27955
27918
27956
27943
27958
27975
27989
27989
27939
27477
14213
28037
28037
27989
27940
27991
28039
28038
28055
28057
27858
27988
28003
27788
27619
28119
28130
28129
28130
28158
28180
28145
27198
28160
28131
28089
28146
28163
27889
28147
28151
28194
27624
28195
28132
27975
28212
28223
28181
28225
28153
28211
28224
28247
28248
28247
28210
28254
28234
28261
28089
28161
28276
27989
27974
28297
28264
28118
28294
28328
28326
28328
28328
28211
28335
28348
28397
28325
28222
28419
28118
28146
28399
28407
28413
28396
28194
28431
28225
28421
28422
28350
28406
28410
27562
28056
28446
28022
28021
28469
28446
28437
28436
27973
28423
28379
28483
28326
28481
28495
28367
28452
28378
28495
28482
28073
28470
28511
28551
28595
28565
28581
28567
28541
28542
28566
28487
28461
28581
28419
28538
28581
28463
28234
28276
28635
27921
28552
28637
27858
28659
28452
28088
28675
28197
28675
27920
28250
23638
28689
27977
26964
28711
28703
18206
28725
28725
21568
28483
28726
28741
28660
28752
28751
28763
28777
28753
28806
28763
28700
28764
28779
28808
28778
28710
28739
28766
28819
28551
28764
28635
28820
28807
28753
27304
28793
28728
28751
28794
28820
28804
28859
28632
28105
28873
28833
28880
28843
28820
28844
28903
28931
28791
27877
28931
28860
29008
28941
28937
28917
28224
28889
21194
28861
29022
28970
29021
28765
28223
29048
29064
29066
28854
29185
28609
28982
28423
29021
28778
29197
29200
29211
28832
28779
28832
28917
29187
29249
28496
29284
29284
29272
28843
28859
29285
28778
29285
28878
29287
29284
29312
29312
28889
28930
28918
29312
29325
27398
29338
28880
29339
29353
29363
29272
29341
29298
29284
23970
29414
29402
29299
29417
29414
29442
29484
29483
29484
29273
29483
29520
29418
28091
29554
29535
29618
29654
29653
29664
27808
29714
29239
29743
29791
29792
29608
29506
29816
29862
29298
29872
29873
29917
29873
28713
29207
29863
28690
29928
29934
29881
29960
29945
29991
28247
29989
29862
29903
30014
26526
30062
30076
29974
30063
30094
29990
29989
27905
30109
30120
30138
30139
30138
30164
29020
30063
30192
30208
30208
30192
30177
30210
30209
29363
30222
30235
30267
30238
30346
30419
30385
30463
30302
30214
30149
30284
30147
30223
30429
29151
25291
30444
30403
29642
30432
30529
30545
29568
30113
30224
29961
30430
30345
29867
30581
30545
29895
30594
30595
30545
30668
29845
30701
30667
30574
30747
30746
30795
30477
30627
30139
30813
30844
30842
30795
30736
30845
30781
30746
30878
30818
30594
30733
30595
30943
28844
30926
30944
30942
29115
31005
30991
30733
31006
30943
30735
30762
30511
30759
31056
29951
31075
30878
30642
31074
30666
31097
31095
31126
31146
27018
31096
31096
30303
28765
30838
31181
31200
31202
31202
31025
31148
31203
31166
30149
31182
31237
30897
31167
31166
31041
31041
30598
31199
28406
28954
28872
30430
28470
31005
31277
31149
22953
31306
25653
31252
28890
30177
31306
31276
28972
31275
31285
31329
31149
29803
29903
31200
30431
31018
30907
31364
31238
28780
29814
31365
31365
31150
31368
29862
29909
31364
30666
31095
31167
22131
31407
31386
31275
31346
31409
31346
31420
31347
31419
31420
31421
31276
31420
31411
31463
31408
29264
31419
31388
31503
31505
31500
30732
31437
31518
31517
31667
31536
31345
31669
31726
31461
31285
31423
31739
31329
31883
31364
31935
31996
32046
32147
32154
31464
30732
32234
32251
32234
32407
31574
32454
33087
33032
28349
34076
29924
35076
35478
25891
37560
36144
39063
39066
40784
41235
41090
41592
41610
41730
41731
41670
42220