592
587
586
585
583
582
580
578
574
573
571
570
568
566
564
563
562
561
560
559
558
557
553
551
550
547
545
542
541
535
533
531
528
526
525
524
522
521
520
519
518
517
514
513
512
509
508
507
506
503
502
501
500
498
496
493
492
490
489
488
487
484
483
482
481
479
477
476
474
472
471
470
469
468
467
465
464
463
461
460
459
458
457
456
454
453
452
451
450
449
447
446
445
443
441
440
439
435
433
431
430
428
427
426
424
422
421
417
416
414
411
408
405
396
395
394
388
385
384
382
380
376
375
373
372
371
370
369
368
366
365
364
362
360
359
358
354
353
351
350
348
347
346
345
344
340
337
336
335
332
331
330
329
327
326
325
324
323
321
313
311
308
307
306
305
302
300
299
298
297
291
289
284
282
279
274
271
270
268
267
266
262
260
257
255
254
252
251
248
247
244
243
241
237
233
227
225
224
223
222
219
218
216
210
209
208
207
206
204
202
201
200
199
197
194
193
192
191
183
181
180
179
178
175
173
172
171
168
167
165
153
151
147
144
137
136
135
128
126
125
123
120
115
114
113
109
108
106
104
103
102
101
95
91
90
86
77
71
70
69
68
59
51
50
49
48
45
41
34
32
30
29
28
26
25
24
23
22
20
19
18
17
15
13
6
3
2
1
0