4148
4144
4143
4141
4140
4138
4134
4133
4131
4130
4129
4125
4122
4121
4118
4117
4116
4111
4110
4108
4107
4100
4098
4097
4096
4094
4093
4092
4090
4089
4088
4087
4085
4084
4083
4082
4081
4080
4076
4075
4074
4073
4071
4070
4069
4067
4066
4064
4063
4060
4053
4051
4050
4048
4047
4043
4041
4040
4038
4037
4034
4032
4030
4028
4026
4023
4021
4014
4009
4005
4003
4000
3993
3992
3990
3988
3985
3983
3980
3979
3977
3975
3974
3972
3970
3968
3966
3964
3963
3958
3957
3954
3951
3949
3946
3938
3937
3935
3934
3931
3930
3924
3922
3921
3918
3916
3913
3912
3911
3908
3906
3905
3902
3900
3896
3895
3893
3890
3888
3887
3884
3882
3874
3873
3872
3870
3869
3865
3864
3862
3861
3859
3858
3856
3855
3853
3852
3851
3850
3849
3847
3846
3845
3844
3843
3842
3841
3838
3836
3835
3834
3832
3828
3827
3826
3824
3822
3819
3818
3817
3811
3810
3809
3808
3807
3806
3804
3803
3801
3800
3799
3798
3796
3795
3793
3792
3790
3789
3788
3786
3785
3784
3783
3782
3779
3777
3775
3774
3772
3771
3770
3769
3768
3767
3766
3765
3764
3761
3760
3757
3755
3754
3749
3748
3744
3742
3741
3737
3736
3734
3733
3719
3718
3714
3712
3709
3707
3704
3698
3696
3695
3694
3693
3689
3688
3673
3672
3671
3670
3663
3655
3653
3638
3634
3633
3632
3631
3621
3616
3615
3613
3610
3605
3603
3597
3596
3594
3593
3591
3589
3588
3586
3585
3584
3580
3579
3578
3574
3572
3558
3556
3553
3551
3548
3547
3542
3540
3537
3536
3535
3532
3530
3529
3528
3527
3526
3524
3522
3521
3519
3517
3516
3507
3506
3502
3497
3495
3493
3492
3485
3481
3478
3477
3472
3468
3465
3464
3463
3457
3449
3446
3441
3440
3438
3434
3432
3429
3426
3424
3423
3422
3420
3419
3417
3416
3410
3408
3403
3402
3394
3393
3391
3388
3387
3385
3384
3382
3381
3379
3378
3376
3375
3369
3367
3363
3357
3352
3347
3346
3343
3342
3340
3337
3334
3333
3332
3331
3327
3326
3325
3322
3319
3316
3315
3313
3309
3308
3304
3300
3299
3296
3294
3293
3292
3289
3288
3287
3284
3283
3280
3277
3275
3271
3264
3263
3261
3260
3257
3256
3254
3247
3245
3241
3238
3237
3225
3224
3222
3220
3214
3213
3203
3197
3191
3189
3188
3186
3182
3181
3180
3177
3173
3164
3162
3160
3153
3150
3146
3143
3140
3130
3125
3115
3112
3111
3110
3105
3104
3097
3096
3093
3092
3065
3058
3054
3049
3048
3046
3042
3040
3038
3035
3030
3028
3026
3024
3022
3020
3010
3005
3001
3000
2998
2993
2990
2979
2974
2973
2972
2968
2963
2960
2958
2956
2952
2951
2947
2943
2940
2938
2934
2932
2927
2926
2923
2922
2921
2919
2917
2916
2915
2913
2912
2900
2893
2892
2883
2881
2879
2875
2868
2867
2866
2865
2860
2859
2857
2854
2853
2847
2841
2840
2835
2828
2827
2824
2823
2822
2818
2817
2813
2812
2808
2806
2805
2803
2801
2798
2797
2793
2792
2788
2786
2771
2769
2755
2754
2748
2747
2745
2737
2735
2734
2731
2730
2728
2719
2713
2710
2709
2707
2706
2697
2696
2694
2693
2688
2684
2683
2682
2680
2676
2669
2668
2666
2664
2661
2660
2657
2656
2655
2654
2652
2648
2647
2646
2644
2642
2640
2635
2633
2626
2622
2620
2619
2618
2617
2615
2614
2608
2606
2601
2600
2598
2593
2590
2584
2583
2581
2580
2572
2571
2570
2569
2568
2567
2566
2565
2555
2547
2546
2538
2534
2529
2517
2512
2507
2499
2495
2494
2492
2486
2484
2482
2481
2479
2475
2464
2461
2457
2455
2454
2444
2442
2440
2439
2438
2437
2435
2434
2430
2428
2423
2422
2421
2415
2412
2411
2407
2406
2400
2399
2398
2394
2393
2392
2385
2381
2380
2378
2376
2373
2370
2369
2361
2360
2357
2356
2353
2350
2347
2346
2344
2342
2330
2329
2328
2325
2323
2320
2319
2318
2317
2316
2314
2308
2304
2303
2302
2300
2292
2288
2281
2280
2278
2267
2264
2262
2260
2259
2258
2246
2245
2237
2236
2228
2227
2226
2217
2215
2212
2208
2205
2203
2202
2185
2184
2183
2177
2176
2175
2171
2170
2166
2165
2159
2158
2156
2155
2150
2146
2145
2130
2128
2125
2124
2115
2114
2113
2104
2101
2100
2098
2095
2094
2093
2089
2086
2073
2067
2064
2063
2062
2058
2057
2054
2045
2042
2040
2035
2033
2028
2027
2023
2022
2021
2020
2014
2013
2011
2007
2002
2001
2000
1998
1997
1993
1991
1990
1988
1987
1985
1980
1979
1976
1975
1973
1972
1968
1966
1965
1961
1960
1949
1944
1941
1934
1932
1921
1920
1918
1917
1916
1912
1909
1908
1904
1898
1895
1892
1890
1889
1888
1886
1885
1879
1876
1868
1865
1862
1861
1860
1859
1852
1851
1850
1843
1840
1832
1827
1826
1825
1823
1814
1812
1809
1805
1803
1796
1793
1787
1785
1784
1781
1776
1762
1760
1759
1750
1748
1745
1743
1732
1730
1724
1722
1721
1719
1716
1712
1711
1706
1705
1699
1697
1694
1674
1672
1669
1668
1666
1662
1658
1657
1656
1653
1652
1650
1646
1643
1638
1637
1633
1630
1629
1627
1624
1620
1616
1615
1613
1610
1609
1608
1606
1604
1602
1600
1594
1593
1588
1584
1582
1581
1580
1577
1576
1572
1571
1570
1565
1561
1560
1558
1557
1554
1553
1551
1548
1546
1545
1542
1540
1529
1527
1519
1518
1517
1516
1513
1511
1506
1505
1503
1502
1500
1493
1490
1487
1484
1483
1482
1478
1475
1473
1472
1470
1461
1449
1448
1445
1443
1440
1432
1431
1420
1419
1416
1413
1408
1407
1405
1399
1397
1395
1394
1389
1387
1382
1378
1375
1374
1373
1372
1370
1369
1368
1367
1366
1364
1362
1360
1359
1358
1356
1355
1354
1353
1352
1350
1349
1341
1339
1337
1334
1333
1331
1330
1326
1319
1316
1311
1303
1301
1299
1297
1296
1292
1291
1278
1277
1273
1270
1269
1268
1267
1265
1264
1263
1261
1260
1259
1256
1254
1253
1251
1248
1244
1242
1240
1238
1237
1236
1235
1234
1233
1232
1230
1228
1227
1225
1218
1215
1214
1213
1211
1207
1202
1197
1194
1190
1189
1186
1183
1180
1179
1178
1175
1174
1173
1170
1168
1167
1165
1164
1163
1161
1156
1155
1154
1153
1151
1150
1149
1148
1146
1145
1144
1137
1136
1135
1133
1129
1126
1124
1115
1109
1101
1099
1095
1090
1087
1083
1082
1078
1077
1073
1072
1069
1065
1064
1062
1061
1059
1057
1054
1052
1049
1047
1046
1045
1041
1040
1031
1030
1027
1025
1022
1021
1020
1013
1010
1009
1008
1007
1004
1003
1001
997
996
994
988
986
985
984
980
979
977
974
970
969
967
961
959
956
951
950
949
947
941
934
932
926
925
922
921
919
918
916
912
908
901
898
896
895
890
884
883
880
868
867
866
865
862
861
858
857
853
847
836
835
834
832
831
827
822
818
813
812
810
809
805
804
803
796
793
788
787
786
779
777
774
773
762
756
740
739
728
727
726
724
722
715
714
704
700
699
694
690
687
686
684
683
682
673
671
667
666
651
650
649
637
632
629
628
623
621
619
614
609
608
601
598
597
595
594
590
588
585
584
583
582
573
572
569
568
567
565
564
561
559
557
550
549
546
545
537
535
533
527
522
520
517
512
510
509
508
506
504
503
500
499
496
489
488
484
474
472
469
466
459
453
450
449
447
440
439
434
432
417
407
401
398
397
396
388
385
377
376
375
372
370
369
368
364
356
355
351
350
348
346
342
339
336
335
332
328
327
324
323
312
305
302
300
297
291
290
289
286
273
271
266
264
263
262
261
258
256
254
245
243
242
239
227
226
225
221
216
213
208
206
205
203
201
200
196
193
192
191
189
185
186
182
177
175
174
171
170
169
166
164
162
161
156
150
142
137
127
131
126
125
123
121
122
120
119
118
117
114
113
112
111
110
107
105
104
103
102
98
96
95
93
90
87
84
81
75
74
66
62
55
52
51
50
43
28
25
23
22
20
17
16
8
7
6
4
5